	¾ùÖµ
21-15 5 80(1)_RBg	21-15 5 80(1)_RBg
111.5196	-22.8619266666667
120.9049	92.97141
130.2617	82.42974
139.59	87.8880733333334
148.8902	120.929733333333
158.1623	162.513066666667
167.4065	352.304766666667
176.623	1021.0547
185.8118	3461.888
194.9732	6800.638
204.1073	11564.18
213.2142	13967.51
222.2941	14940.8866666667
231.3471	14458.5966666667
240.3733	13577.3033333333
249.373	13005.97
258.3463	12483.5566666667
267.2932	11985.0566666667
276.2139	11225.14
285.1086	10570.8033333333
293.9775	9783.138
302.8206	9232.84633333333
311.638	8690.34633333333
320.43	8294.263
329.1967	7933.80466666667
337.9381	7786.72133333334
346.6545	7651.388
355.3459	7473.92966666667
364.0125	7296.013
372.6544	7149.42966666667
381.2718	6975.34633333334
389.8647	6913.97133333334
398.4334	6920.30466666667
406.9779	6817.09633333334
415.4984	6606.47133333334
423.9949	6432.138
432.4677	6193.42966666667
440.9168	6020.05466666667
449.3424	5858.47133333333
457.7446	5740.138
466.1235	5638.138
474.4792	5554.888
482.8119	5453.138
491.1217	5353.80466666667
499.4087	5225.09633333333
507.6729	5089.263
515.9147	4897.42966666667
524.134	4642.888
532.3309	4315.55466666667
540.5057	4068.263
548.6583	3783.34633333333
556.789	3662.34633333333
564.8978	3698.05466666667
572.9849	3886.138
581.0503	4175.22133333333
589.0942	4362.513
597.1167	4493.138
605.1179	4328.72133333333
613.0979	3918.138
621.0568	3604.763
628.9948	3345.47133333333
636.9119	3222.263
644.8082	3076.80466666667
652.684	2949.67966666667
660.5391	2838.30466666667
668.3739	2817.67966666667
676.1883	2851.22133333333
683.9825	2937.263
691.7567	3153.388
699.5107	3354.55466666667
707.2449	3714.388
714.9593	4035.30466666667
722.654	4273.638
730.3291	4172.59633333333
737.9847	3872.47133333333
745.6209	3665.92966666667
753.2379	3614.888
760.8356	3665.888
768.4142	3629.263
775.9738	3502.97133333333
783.5146	3411.67966666667
791.0365	3577.013
798.5397	4151.888
806.0244	4759.92966666667
813.4905	5372.263
820.9382	5993.888
828.3676	7116.17966666667
835.7788	8098.263
843.1719	8757.013
850.5469	8839.888
857.9039	8951.09633333333
865.2432	9219.17966666667
872.5646	9076.34633333333
879.8684	8614.17966666667
887.1546	8055.763
894.4233	7460.263
901.6747	7103.888
908.9088	7032.80466666667
916.1255	6833.388
923.3253	6477.55466666667
930.5079	6188.513
937.6736	6095.80466666667
944.8224	5984.638
951.9545	5872.42966666667
959.0698	6081.97133333333
966.1686	6427.763
973.2508	6054.97133333333
980.3167	5149.72133333333
987.3661	4506.05466666667
994.3993	4435.97133333333
1001.416	4702.138
1008.417	5085.763
1015.402	5427.263
1022.371	5566.763
1029.324	5617.47133333333
1036.261	5721.84633333333
1043.183	5815.17966666667
1050.089	6212.42966666667
1056.98	7346.388
1063.855	8223.55466666667
1070.714	8779.22133333333
1077.559	9139.72133333333
1084.388	8607.05466666667
1091.202	7204.80466666667
1098.001	5585.05466666667
1104.785	4718.47133333333
1111.554	4558.80466666667
1118.308	4352.138
1125.048	3593.92966666667
1131.773	2927.888
1138.483	2642.09633333333
1145.179	2540.92966666667
1151.86	2416.30466666667
1158.527	2393.263
1165.18	2436.013
1171.818	2479.17966666667
1178.442	2503.72133333333
1185.053	2559.513
1191.649	2657.67966666667
1198.231	2722.05466666667
1204.799	2793.513
1211.354	2946.138
1217.895	3212.92966666667
1224.422	3583.513
1230.936	4116.34633333333
1237.436	4859.22133333333
1243.922	6048.513
1250.396	7771.263
1256.856	9616.638
1263.302	10608.18
1269.736	10467.8866666667
1276.157	9670.138
1282.564	9401.80466666667
1288.959	10915.18
1295.34	13945.5133333333
1301.709	14899.3033333333
1308.065	12630.0133333333
1314.408	9798.513
1320.739	7502.22133333334
1327.057	5733.013
1333.363	4485.92966666667
1339.656	3950.55466666667
1345.937	3690.09633333333
1352.205	3503.47133333333
1358.462	3442.05466666667
1364.706	3406.138
1370.938	3162.72133333333
1377.158	2786.30466666667
1383.366	2558.888
1389.562	2628.22133333333
1395.746	3033.09633333333
1401.918	3431.05466666667
1408.079	3909.84633333333
1414.227	4941.84633333333
1420.365	6853.638
1426.49	11615.5133333333
1432.605	18570.22
1438.707	22197.72
1444.799	20689.5566666667
1450.879	17780.0933333333
1456.948	14740.0533333333
1463.005	11025.43
1469.052	7605.59633333334
1475.087	5077.47133333333
1481.111	3641.55466666667
1487.124	2839.17966666667
1493.127	2380.42966666667
1499.118	2075.59633333333
1505.099	1848.013
1511.069	1690.80466666667
1517.028	1570.55466666667
1522.977	1468.42966666667
1528.915	1384.763
1534.842	1307.22133333333
1540.76	1248.05466666667
1546.666	1197.263
1552.563	1154.263
1558.448	1111.263
1564.324	1076.09633333333
1570.19	1036.013
1576.045	1015.76303333333
1581.89	996.8464
1587.726	981.429766666667
1593.551	978.096433333333
1599.366	986.9714
1605.172	1011.59636666667
1610.967	1082.59633333333
1616.753	1234.84633333333
1622.529	1493.42966666667
1628.296	1859.388
1634.052	2546.59633333333
1639.8	4420.97133333333
1645.537	8207.513
1651.266	12183.5133333333
1656.984	11315.5533333333
1662.694	6626.013
1668.394	3226.92966666667
1674.085	1737.513
1679.766	1254.263
1685.439	1032.34633333333
1691.102	940.2631
1696.756	892.6381
1702.401	857.554766666667
1708.038	834.721433333333
1713.665	854.054766666667
1719.283	933.846433333333
1724.893	1146.763
1730.494	1654.80466666667
1736.086	2371.59633333333
1741.669	3010.138
1747.244	3022.638
1752.81	2359.05466666667
1758.367	1540.84633333333
1763.916	969.721433333333
1769.457	729.971433333333
1774.989	617.7631
1780.513	574.679766666667
1786.028	546.5131
1791.535	525.429766666667
1797.034	512.1381
1802.525	491.179766666667
1808.007	469.679766666667
1813.481	467.5131
1818.948	462.846433333333
1824.406	446.2631
1829.856	442.2631
1835.299	428.846433333333
1840.733	415.0131
1846.16	415.846433333333
1851.579	417.6381
1856.99	414.8881
1862.393	400.6381
1867.789	404.6381
1873.177	393.346433333333
1878.557	373.721433333333
1883.93	372.2631
