	¾ùÖµ
24-30 5 65(1)_RBg	24-30 5 65(1)_RBg
111.5196	-38.8170233333333
120.9049	91.1829666666667
130.2617	98.9746333333334
139.59	103.432966666667
148.8902	108.057966666667
158.1623	135.808
167.4065	297.266266666667
176.623	774.224633333333
185.8118	2478.47466666667
194.9732	4809.72466666667
204.1073	8251.51633333333
213.2142	9941.38966666667
222.2941	10602.2633333333
231.3471	10247.6433333333
240.3733	9614.558
249.373	9204.84966666667
258.3463	8823.01633333333
267.2932	8491.72466666667
276.2139	7977.47466666667
285.1086	7513.72466666667
293.9775	6958.308
302.8206	6567.183
311.638	6183.14133333333
320.43	5917.01633333333
329.1967	5659.89133333333
337.9381	5541.433
346.6545	5430.808
355.3459	5308.09966666667
364.0125	5200.89133333333
372.6544	5099.933
381.2718	4975.26633333333
389.8647	4935.26633333333
398.4334	4943.47466666667
406.9779	4861.09966666667
415.4984	4724.058
423.9949	4618.308
432.4677	4462.933
440.9168	4325.89133333333
449.3424	4219.97466666667
457.7446	4131.59966666667
466.1235	4054.84966666667
474.4792	3993.84966666667
482.8119	3937.64133333333
491.1217	3855.683
499.4087	3759.433
507.6729	3647.97466666667
515.9147	3486.558
524.134	3305.39133333333
532.3309	3092.933
540.5057	2920.558
548.6583	2724.22466666667
556.789	2649.308
564.8978	2686.183
572.9849	2802.26633333333
581.0503	2989.76633333333
589.0942	3117.97466666667
597.1167	3212.808
605.1179	3099.01633333333
613.0979	2813.058
621.0568	2570.34966666667
628.9948	2373.97466666667
636.9119	2284.64133333333
644.8082	2191.72466666667
652.684	2098.183
660.5391	2026.14133333333
668.3739	1999.308
676.1883	2027.308
683.9825	2106.808
691.7567	2264.47466666667
699.5107	2417.183
707.2449	2673.39133333333
714.9593	2904.34966666667
722.654	3074.47466666667
730.3291	2975.183
737.9847	2728.09966666667
745.6209	2569.558
753.2379	2518.39133333333
760.8356	2542.183
768.4142	2521.14133333333
775.9738	2441.34966666667
783.5146	2372.26633333333
791.0365	2472.308
798.5397	2830.64133333333
806.0244	3215.01633333333
813.4905	3651.34966666667
820.9382	4132.51633333333
828.3676	4974.34966666667
835.7788	5661.64133333333
843.1719	6104.89133333333
850.5469	6127.558
857.9039	6229.97466666667
865.2432	6434.89133333333
872.5646	6336.97466666667
879.8684	6009.84966666667
887.1546	5624.34966666667
894.4233	5238.808
901.6747	5028.59966666667
908.9088	4993.09966666667
916.1255	4853.058
923.3253	4615.22466666667
930.5079	4432.183
937.6736	4374.59966666667
944.8224	4302.39133333333
951.9545	4224.89133333333
959.0698	4386.808
966.1686	4651.72466666667
973.2508	4388.558
980.3167	3706.01633333333
987.3661	3186.683
994.3993	3085.59966666667
1001.416	3238.933
1008.417	3486.59966666667
1015.402	3723.308
1022.371	3809.59966666667
1029.324	3833.14133333333
1036.261	3896.22466666667
1043.183	3959.808
1050.089	4233.058
1056.98	5018.34966666667
1063.855	5638.683
1070.714	6030.308
1077.559	6214.183
1084.388	5839.72466666667
1091.202	4923.933
1098.001	3863.47466666667
1104.785	3296.97466666667
1111.554	3130.72466666667
1118.308	2929.84966666667
1125.048	2430.97466666667
1131.773	1997.808
1138.483	1821.058
1145.179	1741.59966666667
1151.86	1665.26633333333
1158.527	1639.26633333333
1165.18	1680.59966666667
1171.818	1707.84966666667
1178.442	1728.308
1185.053	1786.34966666667
1191.649	1852.51633333333
1198.231	1898.683
1204.799	1956.09966666667
1211.354	2087.22466666667
1217.895	2270.72466666667
1224.422	2519.97466666667
1230.936	2888.72466666667
1237.436	3459.22466666667
1243.922	4361.22466666667
1250.396	5726.84966666667
1256.856	7071.808
1263.302	7848.34966666667
1269.736	7701.64133333333
1276.157	6994.39133333333
1282.564	6704.26633333333
1288.959	7714.14133333333
1295.34	9698.14133333333
1301.709	10388.2233333333
1308.065	8839.59966666667
1314.408	6801.64133333333
1320.739	5252.64133333333
1327.057	3978.808
1333.363	3133.683
1339.656	2761.09966666667
1345.937	2586.26633333333
1352.205	2443.433
1358.462	2406.183
1364.706	2386.39133333333
1370.938	2212.22466666667
1377.158	1957.09966666667
1383.366	1811.683
1389.562	1884.933
1395.746	2175.558
1401.918	2439.47466666667
1408.079	2770.933
1414.227	3504.51633333333
1420.365	4852.09966666667
1426.49	8229.39133333333
1432.605	13129.7666666667
1438.707	15668.4733333333
1444.799	14622.9333333333
1450.879	12524.7233333333
1456.948	10419.1
1463.005	7758.72466666667
1469.052	5371.558
1475.087	3548.558
1481.111	2558.59966666667
1487.124	1984.51633333333
1493.127	1679.308
1499.118	1466.14133333333
1505.099	1319.183
1511.069	1193.308
1517.028	1111.51633333333
1522.977	1040.558
1528.915	982.3079
1534.842	925.8913
1540.76	896.224633333333
1546.666	855.1413
1552.563	823.1413
1558.448	801.057966666667
1564.324	769.6413
1570.19	752.1413
1576.045	738.932966666667
1581.89	725.057966666667
1587.726	731.224633333333
1593.551	720.7663
1599.366	730.1413
1605.172	745.307966666667
1610.967	808.974633333333
1616.753	912.307966666667
1622.529	1082.01633333333
1628.296	1356.84966666667
1634.052	1871.808
1639.8	3236.72466666667
1645.537	6000.558
1651.266	9054.09966666667
1656.984	8663.058
1662.694	5191.72466666667
1668.394	2530.933
1674.085	1335.26633333333
1679.766	938.599633333333
1685.439	766.724633333333
1691.102	701.8913
1696.756	651.599633333333
1702.401	618.182966666667
1708.038	608.182966666667
1713.665	604.099633333333
1719.283	666.0163
1724.893	834.0163
1730.494	1196.39133333333
1736.086	1699.34966666667
1741.669	2154.89133333333
1747.244	2174.47466666667
1752.81	1689.058
1758.367	1119.433
1763.916	706.6413
1769.457	537.4746
1774.989	450.182933333333
1780.513	425.516266666667
1786.028	412.9746
1791.535	396.2246
1797.034	385.3496
1802.525	377.057933333333
1808.007	365.4746
1813.481	347.9746
1818.948	342.3496
1824.406	335.641266666667
1829.856	335.641266666667
1835.299	332.141266666667
1840.733	320.391266666667
1846.16	312.432933333333
1851.579	311.391266666667
1856.99	308.9746
1862.393	299.8496
1867.789	309.391266666667
1873.177	301.9746
1878.557	302.141266666667
1883.93	299.682933333333
