	¾ùÖµ
38-25 15 60(1)_RBg	38-25 15 60(1)_RBg
111.5196	-19.5381166666667
120.9049	64.8368833333333
130.2617	71.7952166666667
139.59	85.0035666666667
148.8902	96.17024
158.1623	127.628566666667
167.4065	313.628533333333
176.623	878.836866666667
185.8118	3018.17033333333
194.9732	5867.67033333333
204.1073	10021.087
213.2142	12046.4633333333
222.2941	12874.7966666667
231.3471	12477.2966666667
240.3733	11720.38
249.373	11225.7133333333
258.3463	10802.0466666667
267.2932	10408.8366666667
276.2139	9795.75366666667
285.1086	9249.42033333334
293.9775	8575.25366666667
302.8206	8127.12866666667
311.638	7667.37866666667
320.43	7351.37866666667
329.1967	7047.462
337.9381	6903.087
346.6545	6763.17033333334
355.3459	6608.25366666667
364.0125	6464.837
372.6544	6338.962
381.2718	6178.42033333334
389.8647	6133.67033333333
398.4334	6130.62866666667
406.9779	6022.62866666667
415.4984	5806.17033333333
423.9949	5666.37866666667
432.4677	5447.87866666667
440.9168	5292.25366666667
449.3424	5156.42033333333
457.7446	5056.29533333333
466.1235	4935.54533333333
474.4792	4851.337
482.8119	4771.37866666667
491.1217	4679.92033333333
499.4087	4568.50366666667
507.6729	4429.92033333333
515.9147	4240.92033333333
524.134	4023.92033333333
532.3309	3755.92033333333
540.5057	3552.62866666667
548.6583	3342.67033333333
556.789	3259.50366666667
564.8978	3279.837
572.9849	3398.50366666667
581.0503	3609.17033333333
589.0942	3753.462
597.1167	3888.79533333333
605.1179	3757.62866666667
613.0979	3404.54533333333
621.0568	3121.75366666667
628.9948	2893.587
636.9119	2774.837
644.8082	2649.50366666667
652.684	2539.87866666667
660.5391	2439.337
668.3739	2407.462
676.1883	2442.50366666667
683.9825	2534.29533333333
691.7567	2708.75366666667
699.5107	2897.92033333333
707.2449	3193.50366666667
714.9593	3441.587
722.654	3606.37866666667
730.3291	3495.42033333333
737.9847	3212.37866666667
745.6209	3025.67033333333
753.2379	2964.37866666667
760.8356	2998.87866666667
768.4142	2977.37866666667
775.9738	2860.92033333333
783.5146	2756.75366666667
791.0365	2867.04533333333
798.5397	3282.462
806.0244	3712.337
813.4905	4203.17033333333
820.9382	4726.37866666667
828.3676	5763.75366666667
835.7788	6531.212
843.1719	7017.04533333334
850.5469	7017.337
857.9039	7120.212
865.2432	7355.87866666667
872.5646	7257.50366666667
879.8684	6893.54533333334
887.1546	6435.37866666667
894.4233	6025.37866666667
901.6747	5779.42033333333
908.9088	5747.37866666667
916.1255	5578.75366666667
923.3253	5314.54533333333
930.5079	5076.92033333333
937.6736	5018.337
944.8224	4930.29533333333
951.9545	4864.712
959.0698	5044.212
966.1686	5319.92033333333
973.2508	5003.12866666667
980.3167	4249.37866666667
987.3661	3608.29533333333
994.3993	3510.337
1001.416	3677.12866666667
1008.417	3928.79533333333
1015.402	4199.337
1022.371	4276.17033333333
1029.324	4301.42033333333
1036.261	4363.62866666667
1043.183	4437.37866666667
1050.089	4728.712
1056.98	5660.17033333333
1063.855	6283.587
1070.714	6740.29533333334
1077.559	6932.79533333334
1084.388	6478.87866666667
1091.202	5535.462
1098.001	4297.25366666667
1104.785	3724.212
1111.554	3503.462
1118.308	3288.37866666667
1125.048	2695.42033333333
1131.773	2246.712
1138.483	2013.337
1145.179	1946.67033333333
1151.86	1866.12866666667
1158.527	1852.50366666667
1165.18	1898.75366666667
1171.818	1932.62866666667
1178.442	1959.212
1185.053	2020.29533333333
1191.649	2106.462
1198.231	2172.00366666667
1204.799	2254.67033333333
1211.354	2399.962
1217.895	2640.337
1224.422	2894.62866666667
1230.936	3355.212
1237.436	3977.962
1243.922	5104.25366666667
1250.396	6544.62866666667
1256.856	8235.75366666667
1263.302	9039.62866666667
1269.736	8869.462
1276.157	8139.50366666667
1282.564	7777.75366666667
1288.959	8847.37866666667
1295.34	11289.0033333333
1301.709	11997.13
1308.065	10116.1733333333
1314.408	7943.75366666667
1320.739	6096.12866666667
1327.057	4709.37866666667
1333.363	3689.962
1339.656	3274.67033333333
1345.937	3072.42033333333
1352.205	2922.67033333333
1358.462	2869.837
1364.706	2833.67033333333
1370.938	2655.54533333333
1377.158	2377.12866666667
1383.366	2182.837
1389.562	2268.54533333333
1395.746	2639.25366666667
1401.918	2927.25366666667
1408.079	3319.12866666667
1414.227	4127.50366666667
1420.365	5755.79533333333
1426.49	9424.29533333334
1432.605	15329.0033333333
1438.707	18101.9633333333
1444.799	16842.88
1450.879	14567.09
1456.948	12051.7966666667
1463.005	9129.212
1469.052	6233.212
1475.087	4242.212
1481.111	3015.12866666667
1487.124	2397.462
1493.127	2012.462
1499.118	1773.12866666667
1505.099	1587.42033333333
1511.069	1446.29533333333
1517.028	1342.54533333333
1522.977	1272.92033333333
1528.915	1219.42033333333
1534.842	1151.00366666667
1540.76	1108.62866666667
1546.666	1056.54533333333
1552.563	1013.33686666667
1558.448	993.920133333334
1564.324	965.5868
1570.19	925.461866666667
1576.045	910.0452
1581.89	887.2952
1587.726	882.4202
1593.551	893.836866666667
1599.366	917.086866666667
1605.172	934.9202
1610.967	993.711866666667
1616.753	1141.42033333333
1622.529	1349.12866666667
1628.296	1654.62866666667
1634.052	2264.67033333333
1639.8	3825.79533333333
1645.537	7060.04533333334
1651.266	10557.5433333333
1656.984	10163.2966666667
1662.694	6230.29533333334
1668.394	3031.62866666667
1674.085	1637.67033333333
1679.766	1143.087
1685.439	940.336866666667
1691.102	862.128533333334
1696.756	801.711866666667
1702.401	765.7952
1708.038	737.961866666667
1713.665	746.5452
1719.283	815.253533333334
1724.893	1006.08686666667
1730.494	1426.67033333333
1736.086	2030.50366666667
1741.669	2539.587
1747.244	2541.00366666667
1752.81	1972.50366666667
1758.367	1284.62866666667
1763.916	820.503533333334
1769.457	630.086866666667
1774.989	546.628533333333
1780.513	501.211866666667
1786.028	482.7952
1791.535	469.4202
1797.034	444.003533333333
1802.525	435.6702
1808.007	420.128533333333
1813.481	409.2952
1818.948	404.586866666667
1824.406	396.0452
1829.856	388.336866666667
1835.299	383.1702
1840.733	368.128533333333
1846.16	359.7952
1851.579	361.1702
1856.99	351.003533333333
1862.393	344.628533333333
1867.789	330.6702
1873.177	320.253533333333
1878.557	323.0452
1883.93	323.128533333333
