	¾ùÖµ
42-15 20 65(1)_RBg	42-15 20 65(1)_RBg
111.5196	-2.97288933333333
120.9049	52.52711
130.2617	65.8187766666667
139.59	72.0687766666667
148.8902	92.31876
158.1623	135.360466666667
167.4065	351.527133333333
176.623	1088.902
185.8118	3809.81866666667
194.9732	7446.69366666667
204.1073	12742.65
213.2142	15339.4033333333
222.2941	16410.15
231.3471	15923.2333333333
240.3733	14992.2333333333
249.373	14388.6933333333
258.3463	13836.5233333333
267.2932	13342.1933333333
276.2139	12564.5266666667
285.1086	11897.8566666667
293.9775	11036.57
302.8206	10459.82
311.638	9899.73566666667
320.43	9489.48566666667
329.1967	9104.11066666667
337.9381	8926.90233333334
346.6545	8743.86066666667
355.3459	8555.444
364.0125	8356.15233333334
372.6544	8194.527
381.2718	7989.31866666667
389.8647	7918.027
398.4334	7915.81866666667
406.9779	7759.777
415.4984	7506.31866666667
423.9949	7320.56866666667
432.4677	7050.402
440.9168	6837.902
449.3424	6654.73533333333
457.7446	6506.36033333333
466.1235	6384.61033333333
474.4792	6273.86033333333
482.8119	6159.36033333333
491.1217	6036.277
499.4087	5875.19366666667
507.6729	5697.652
515.9147	5473.152
524.134	5221.027
532.3309	4878.86033333333
540.5057	4615.11033333333
548.6583	4340.19366666667
556.789	4223.36033333333
564.8978	4243.777
572.9849	4404.527
581.0503	4672.94366666667
589.0942	4848.31866666667
597.1167	4983.402
605.1179	4809.94366666667
613.0979	4382.277
621.0568	4052.652
628.9948	3724.69366666667
636.9119	3589.36033333333
644.8082	3438.69366666667
652.684	3290.11033333333
660.5391	3181.94366666667
668.3739	3149.19366666667
676.1883	3175.06866666667
683.9825	3279.652
691.7567	3507.902
699.5107	3723.277
707.2449	4078.902
714.9593	4396.48533333333
722.654	4629.69366666667
730.3291	4505.44366666667
737.9847	4142.36033333333
745.6209	3923.652
753.2379	3849.31866666667
760.8356	3886.56866666667
768.4142	3840.402
775.9738	3710.277
783.5146	3625.152
791.0365	3754.402
798.5397	4268.61033333333
806.0244	4830.652
813.4905	5469.44366666667
820.9382	6138.56866666667
828.3676	7411.652
835.7788	8353.444
843.1719	8985.694
850.5469	9007.02733333334
857.9039	9098.15233333334
865.2432	9366.569
872.5646	9253.944
879.8684	8807.98566666667
887.1546	8251.52733333334
894.4233	7692.402
901.6747	7371.81866666667
908.9088	7320.402
916.1255	7100.44366666667
923.3253	6745.36033333333
930.5079	6469.152
937.6736	6376.11033333333
944.8224	6275.402
951.9545	6186.36033333333
959.0698	6420.19366666667
966.1686	6766.36033333333
973.2508	6380.73533333333
980.3167	5407.902
987.3661	4651.06866666667
994.3993	4543.36033333333
1001.416	4775.98533333333
1008.417	5108.81866666667
1015.402	5450.94366666667
1022.371	5581.11033333333
1029.324	5636.277
1036.261	5723.94366666667
1043.183	5788.19366666667
1050.089	6183.402
1056.98	7347.19366666667
1063.855	8211.27733333334
1070.714	8761.444
1077.559	9048.98566666667
1084.388	8502.27733333334
1091.202	7179.027
1098.001	5652.06866666667
1104.785	4840.23533333333
1111.554	4614.98533333333
1118.308	4326.31866666667
1125.048	3595.48533333333
1131.773	2955.86033333333
1138.483	2690.23533333333
1145.179	2584.36033333333
1151.86	2485.652
1158.527	2457.777
1165.18	2499.56866666667
1171.818	2550.027
1178.442	2580.81866666667
1185.053	2656.56866666667
1191.649	2774.61033333333
1198.231	2858.23533333333
1204.799	2960.027
1211.354	3129.402
1217.895	3394.98533333333
1224.422	3753.94366666667
1230.936	4296.19366666667
1237.436	5093.652
1243.922	6389.06866666667
1250.396	8283.194
1256.856	10188.7766666667
1263.302	11276.61
1269.736	11095.65
1276.157	10145.61
1282.564	9778.90233333334
1288.959	11258.3566666667
1295.34	14139.6066666667
1301.709	15142.8166666667
1308.065	12902.11
1314.408	9973.31766666667
1320.739	7795.06866666667
1327.057	5919.98533333333
1333.363	4727.652
1339.656	4171.06866666667
1345.937	3926.73533333333
1352.205	3724.777
1358.462	3666.81866666667
1364.706	3631.06866666667
1370.938	3388.44366666667
1377.158	2999.652
1383.366	2779.98533333333
1389.562	2879.652
1395.746	3282.152
1401.918	3682.277
1408.079	4152.402
1414.227	5242.652
1420.365	7126.277
1426.49	12010.4833333333
1432.605	18875.4033333333
1438.707	22658.86
1444.799	21155.65
1450.879	18106.9433333333
1456.948	15137.0266666667
1463.005	11306.9433333333
1469.052	7927.11033333333
1475.087	5257.19366666667
1481.111	3860.36033333333
1487.124	3023.777
1493.127	2583.44366666667
1499.118	2260.36033333333
1505.099	2035.98533333333
1511.069	1837.61033333333
1517.028	1708.86033333333
1522.977	1618.152
1528.915	1533.402
1534.842	1449.56866666667
1540.76	1394.277
1546.666	1337.44366666667
1552.563	1291.36033333333
1558.448	1244.402
1564.324	1222.527
1570.19	1188.56866666667
1576.045	1156.81866666667
1581.89	1139.94366666667
1587.726	1149.44366666667
1593.551	1144.527
1599.366	1145.06866666667
1605.172	1175.94366666667
1610.967	1237.56866666667
1616.753	1406.48533333333
1622.529	1678.48533333333
1628.296	2092.48533333333
1634.052	2810.48533333333
1639.8	4783.69366666667
1645.537	8578.86066666667
1651.266	12959.2333333333
1656.984	12309.82
1662.694	7313.61033333333
1668.394	3719.777
1674.085	1957.31866666667
1679.766	1406.98533333333
1685.439	1150.61033333333
1691.102	1056.73533333333
1696.756	991.860466666667
1702.401	951.8605
1708.038	924.4855
1713.665	927.693833333334
1719.283	1020.4438
1724.893	1249.06866666667
1730.494	1791.19366666667
1736.086	2493.56866666667
1741.669	3146.73533333333
1747.244	3155.902
1752.81	2437.94366666667
1758.367	1620.902
1763.916	1006.61046666667
1769.457	783.443833333334
1774.989	661.402166666667
1780.513	622.693833333333
1786.028	587.693833333333
1791.535	567.3605
1797.034	555.8605
1802.525	534.2355
1808.007	505.985466666667
1813.481	494.360466666667
1818.948	488.985466666667
1824.406	484.902133333333
1829.856	475.402133333333
1835.299	455.4438
1840.733	437.027133333333
1846.16	437.735466666667
1851.579	434.277133333333
1856.99	424.8188
1862.393	414.360466666667
1867.789	416.985466666667
1873.177	413.985466666667
1878.557	382.277133333333
1883.93	374.9438
