	¾ùÖµ
47-15 25 60(1)_RBg	47-15 25 60(1)_RBg
111.5196	-26.9171333333333
120.9049	82.5412
130.2617	95.0828766666667
139.59	96.6245433333334
148.8902	116.707866666667
158.1623	161.707866666667
167.4065	396.2912
176.623	1165.208
185.8118	3989.12466666667
194.9732	7758.79133333334
204.1073	13295.4166666667
213.2142	16038.54
222.2941	17191.2066666667
231.3471	16684
240.3733	15725.54
249.373	15122.0433333333
258.3463	14585.29
267.2932	14097.9566666667
276.2139	13349.8333333333
285.1086	12677.83
293.9775	11827.33
302.8206	11248.5
311.638	10674.25
320.43	10267.0833333333
329.1967	9889.583
337.9381	9708.958
346.6545	9538.87466666667
355.3459	9345.083
364.0125	9146.29133333334
372.6544	8988.29133333334
381.2718	8770.54133333334
389.8647	8688.91633333334
398.4334	8686.833
406.9779	8548.16633333334
415.4984	8292.04133333334
423.9949	8119.62466666667
432.4677	7857.04133333334
440.9168	7644.208
449.3424	7438.74966666667
457.7446	7276.958
466.1235	7146.49966666667
474.4792	7044.62466666667
482.8119	6907.41633333334
491.1217	6769.958
499.4087	6597.29133333334
507.6729	6388.12466666667
515.9147	6144.87466666667
524.134	5844.333
532.3309	5475.208
540.5057	5186.24966666667
548.6583	4898.66633333333
556.789	4774.41633333333
564.8978	4796.208
572.9849	4943.54133333333
581.0503	5177.41633333333
589.0942	5350.833
597.1167	5481.333
605.1179	5287.958
613.0979	4865.833
621.0568	4517.99966666667
628.9948	4210.083
636.9119	4045.208
644.8082	3873.16633333333
652.684	3711.62466666667
660.5391	3573.583
668.3739	3534.41633333333
676.1883	3565.16633333333
683.9825	3675.833
691.7567	3931.87466666667
699.5107	4158.41633333333
707.2449	4523.083
714.9593	4868.208
722.654	5101.79133333333
730.3291	4971.708
737.9847	4609.333
745.6209	4366.99966666667
753.2379	4289.208
760.8356	4348.87466666667
768.4142	4326.87466666667
775.9738	4190.79133333333
783.5146	4097.66633333333
791.0365	4269.333
798.5397	4829.458
806.0244	5446.583
813.4905	6123.66633333333
820.9382	6894.04133333334
828.3676	8259.583
835.7788	9342.79133333334
843.1719	9983.99966666667
850.5469	9974.083
857.9039	10037.3733333333
865.2432	10335.4166666667
872.5646	10220
879.8684	9727.208
887.1546	9151.37466666667
894.4233	8554.458
901.6747	8253.54133333334
908.9088	8210.29133333334
916.1255	7998.958
923.3253	7611.49966666667
930.5079	7338.458
937.6736	7283.24966666667
944.8224	7223.16633333334
951.9545	7152.24966666667
959.0698	7446.74966666667
966.1686	7923.54133333334
973.2508	7513.12466666667
980.3167	6367.12466666667
987.3661	5540.708
994.3993	5415.16633333333
1001.416	5684.958
1008.417	6093.66633333333
1015.402	6489.74966666667
1022.371	6671.54133333334
1029.324	6752.04133333334
1036.261	6883.99966666667
1043.183	6993.74966666667
1050.089	7492.66633333334
1056.98	8834.74966666667
1063.855	9920.458
1070.714	10619.4566666667
1077.559	10992.6666666667
1084.388	10381.75
1091.202	8817.16633333334
1098.001	7061.458
1104.785	6096.708
1111.554	5814.54133333333
1118.308	5465.583
1125.048	4579.41633333333
1131.773	3791.083
1138.483	3469.91633333333
1145.179	3328.91633333333
1151.86	3198.41633333333
1158.527	3150.458
1165.18	3192.24966666667
1171.818	3229.66633333333
1178.442	3256.87466666667
1185.053	3329.74966666667
1191.649	3436.49966666667
1198.231	3488.91633333333
1204.799	3572.49966666667
1211.354	3751.74966666667
1217.895	4026.99966666667
1224.422	4391.79133333333
1230.936	4963.16633333333
1237.436	5818.49966666667
1243.922	7262.04133333334
1250.396	9300.16633333334
1256.856	11396.2933333333
1263.302	12473.04
1269.736	12193.25
1276.157	11108.0833333333
1282.564	10619.4166666667
1288.959	12086.29
1295.34	15111.9966666667
1301.709	16098.75
1308.065	13689.6633333333
1314.408	10636.75
1320.739	8257.458
1327.057	6340.083
1333.363	5033.208
1339.656	4457.74966666667
1345.937	4189.083
1352.205	3972.66633333333
1358.462	3911.958
1364.706	3867.16633333333
1370.938	3598.54133333333
1377.158	3211.91633333333
1383.366	2977.66633333333
1389.562	3088.833
1395.746	3526.12466666667
1401.918	3901.083
1408.079	4390.083
1414.227	5472.99966666667
1420.365	7466.583
1426.49	12287.4566666667
1432.605	19514.5
1438.707	23190.4166666667
1444.799	21595.8733333333
1450.879	18612.7466666667
1456.948	15460.1266666667
1463.005	11686.75
1469.052	8098.333
1475.087	5508.12466666667
1481.111	4003.16633333333
1487.124	3182.37466666667
1493.127	2690.04133333333
1499.118	2381.24966666667
1505.099	2147.41633333333
1511.069	1960.66633333333
1517.028	1840.29133333333
1522.977	1735.62466666667
1528.915	1647.91633333333
1534.842	1564.333
1540.76	1499.29133333333
1546.666	1442.04133333333
1552.563	1392.87466666667
1558.448	1349.583
1564.324	1320.29133333333
1570.19	1289.333
1576.045	1248.958
1581.89	1227.458
1587.726	1237.208
1593.551	1241.333
1599.366	1247.12466666667
1605.172	1271.12466666667
1610.967	1346.29133333333
1616.753	1513.04133333333
1622.529	1788.87466666667
1628.296	2212.37466666667
1634.052	2974.833
1639.8	4922.29133333333
1645.537	8963.29133333334
1651.266	13268.79
1656.984	12666.1233333333
1662.694	7774.74966666667
1668.394	3850.91633333333
1674.085	2096.87466666667
1679.766	1508.29133333333
1685.439	1263.62466666667
1691.102	1145.24966666667
1696.756	1079.833
1702.401	1035.083
1708.038	1009.2496
1713.665	1009.99966666667
1719.283	1088.24966666667
1724.893	1322.74966666667
1730.494	1850.41633333333
1736.086	2597.79133333333
1741.669	3254.12466666667
1747.244	3260.208
1752.81	2562.958
1758.367	1708.083
1763.916	1096.37466666667
1769.457	843.5412
1774.989	747.9162
1780.513	696.0412
1786.028	655.874533333333
1791.535	634.0412
1797.034	619.582866666667
1802.525	599.6662
1808.007	582.624533333333
1813.481	576.4162
1818.948	561.374533333333
1824.406	544.374533333333
1829.856	535.6662
1835.299	523.2912
1840.733	501.9162
1846.16	497.999533333333
1851.579	494.957866666667
1856.99	479.082866666667
1862.393	474.1662
1867.789	457.9162
1873.177	468.082866666667
1878.557	452.124533333333
1883.93	450.124533333333
